Rooms       1
Courses     7
Hours       5, 5, 5, 5, 5, 5, 5
Names       A, B, C, D, E, F, G
Lecturers   5
Cruz, Mingyu, Cheryl, Fred, Rhys
%TL - binary mapping  1 or 0
0,0,0,1,0
1,0,0,0,1
1,1,0,1,0
0,0,1,0,1
0,1,0,0,0
0,0,1,0,1
1,0,1,0,1
%LP preferences
5,2,2,0,1,1,1,2,5,2,2,0,1,1,1,2,0,0,0,0,0,0,0,0,5,2,2,0,1,1,1,2,5,2,2,0,2,2,5,5
1,1,1,5,2,2,2,5,0,0,0,0,0,0,0,0,1,1,1,5,2,2,2,5,1,1,1,5,2,2,2,5,1,1,1,5,2,2,2,5
1,1,1,2,2,5,0,0,1,1,1,2,2,5,0,0,1,1,1,2,2,5,0,0,1,1,1,2,2,5,0,0,1,1,1,0,0,0,0,0
1,1,1,1,1,1,1,1,1,1,1,1,1,1,1,1,1,1,1,1,1,1,1,1,1,1,1,1,1,1,1,1,0,0,0,0,0,0,0,0
1,2,2,5,2,1,0,2,2,2,2,2,5,2,1,1,1,2,5,0,2,5,2,0,2,5,2,0,1,1,1,1,1,1,2,0,0,0,0,2